4.861644475016071998e-01
-2.186782419430679247e-01
4.506677774140802285e+03
7.500842602261878710e+03
2.444529204412256362e+01
1.563815032652377424e+00
1.342696688713999054e+00
-3.123307430509041538e+01
7.181102122404555033e+00
9.566495311453451222e-01
2.902669683523107835e+01
6.660953828281985345e+00
4.207882409578030392e-01
-2.992802111939047904e+01
5.594775496064968046e+00
-1.638829119223041697e-01
5.680773823677159839e+01
9.237900090003348552e+00
-1.815360348292029746e+00
-3.781928451523776857e+01
8.626454265740120420e+00
-1.627460670629604644e+00
3.267125156982584855e+01
7.521757865874079130e+00
2.783824514400535799e-01
