1.742396363680755300e+01
1.720744606660498732e+01
3.872719947644351350e+02
6.228270656908293859e+02
1.695482846740795191e+00
1.846039558879510878e+00
1.089962338888780202e+01
4.388153067066472346e+01
7.662270913908153958e+00
1.254932706697482381e+01
4.399046279011720628e+01
7.620612385158516133e+00
1.549433818841715471e+01
4.702690442537505078e+01
7.454290970884796863e+00
1.651142198592514987e+01
5.288863025971930654e+01
7.523457365628353877e+00
1.525152039325940834e+01
4.585713656331628130e+01
7.578597645647287884e+00
1.245801121524148769e+01
4.515254851960764881e+01
7.644283053973428999e+00
6.201427440973167338e-01
